100
0.65598976408364
0.861400854884654
0.812673199409813
0.478233118381917
0.558746665235134
0.918811925608535
0.612896893240711
0.0703452632039241
0.723562000409963
0.282465590961807
0.506041895925516
0.804286838774735
0.0567073692734115
0.68569148962846
0.661860579516624
0.629840921310726
0.616941803457415
0.867242209460237
0.380993744899829
0.44130997045657
0.64801252738317
0.519718897353571
0.246719187501257
0.482240004634615
0.854003927675666
0.147399966114673
0.23428479640608
0.550369923678922
0.465327693551319
0.623773326778602
0.117695115178454
0.129885868949458
0.445343622735041
0.106492143193639
0.461452284751254
0.535563741438279
0.745080546325799
0.584827065565018
0.519566944380616
0.317174991685443
0.644044133920061
0.870830080771206
0.287009116636355
0.560678990198696
0.315288709649832
0.410047862145043
0.234106846062473
0.294341903802155
0.389880213368867
0.775502637071208
0.493658595146246
0.0607955764606277
0.202775745106156
0.754489555806535
0.529229508519303
0.397467216636364
0.4330944027271
0.337288046290848
0.703449646165779
0.175491824286333
0.821441174697961
0.451973294321782
0.863796132822772
0.857722090789715
0.293998636240434
0.415566148745078
0.0567436365897105
0.159739945070277
0.362905890355708
0.642220744620546
0.204161497384341
0.620349423120913
0.361668675799523
0.0733576698134997
0.87671643369991
0.395716377291522
0.190725439372953
0.413248626085016
0.953572681412235
0.373004946977163
0.259893421267474
0.372899719283931
0.381279115056775
0.616271548946469
0.39803894995022
0.304424290362502
0.50860908560269
0.815370591610766
0.469977679568392
0.470983080535322
0.743098794322344
0.760049562835191
0.7437319686852
0.281014003742979
0.667246349312784
0.301985341134879
0.343334416141311
0.685717512044648
0.141048726053236
0.647191442917856
