100 0.010101
0.000000 0.278042
0.010101 0.324542
0.020202 0.407253
0.030303 0.485354
0.040404 0.579002
0.050505 0.670529
0.060606 0.734827
0.070707 0.792408
0.080808 0.846752
0.090909 0.894816
0.101010 0.938925
0.111111 0.981097
0.121212 1.009060
0.131313 1.028561
0.141414 1.046711
0.151515 1.064062
0.161616 1.079256
0.171717 1.090914
0.181818 1.099610
0.191919 1.106203
0.202020 1.110190
0.212121 1.111070
0.222222 1.108550
0.232323 1.102908
0.242424 1.094381
0.252525 1.084116
0.262626 1.073265
0.272727 1.062976
0.282828 1.054399
0.292929 1.040690
0.303030 1.029174
0.313131 1.020653
0.323232 1.014618
0.333333 1.012867
0.343434 1.013922
0.353535 1.030779
0.363636 1.047982
0.373737 1.070945
0.383838 1.096248
0.393939 1.120471
0.404040 1.140193
0.414141 1.155843
0.424242 1.169202
0.434343 1.180188
0.444444 1.188729
0.454545 1.195029
0.464646 1.202224
0.474747 1.199001
0.484848 1.185735
0.494950 1.176761
0.505050 1.165546
0.515151 1.152645
0.525252 1.138615
0.535354 1.124012
0.545455 1.109394
0.555556 1.095317
0.565657 1.082337
0.575758 1.071010
0.585859 1.059213
0.595960 1.043958
0.606061 1.033089
0.616162 1.024692
0.626263 1.016852
0.636364 1.006412
0.646465 0.997709
0.656566 0.991498
0.666667 0.989394
0.676768 0.988308
0.686869 0.987294
0.696970 0.986408
0.707071 0.985702
0.717172 0.985233
0.727273 0.985055
0.737374 0.985223
0.747475 0.985791
0.757576 0.986814
0.767677 0.988348
0.777778 0.990529
0.787879 0.995126
0.797980 1.001897
0.808081 1.010062
0.818182 1.018836
0.828283 1.027439
0.838384 1.035087
0.848485 1.040999
0.858586 1.044393
0.868687 1.044486
0.878788 1.040047
0.888889 1.031671
0.898990 1.020055
0.909091 1.005772
0.919192 0.989397
0.929293 0.971501
0.939394 0.952660
0.949495 0.926245
0.959596 0.885688
0.969697 0.840774
0.979798 0.794691
0.989899 0.710760
1.000000 0.487992
