100 5.696970
22.000000 98.000000
27.696970 114.389755
33.393940 143.542236
39.090908 171.070374
44.787880 204.077927
50.484848 236.337891
56.181816 259.000916
61.878788 279.295929
67.575760 298.450470
73.272728 315.391418
78.969696 330.938263
84.666664 345.802246
90.363632 355.658264
96.060600 362.531677
101.757576 368.928833
107.454544 375.044586
113.151512 380.399902
118.848480 384.509094
124.545448 387.574097
130.242416 389.897736
135.939392 391.303131
141.636353 391.613342
147.333328 390.725067
153.030304 388.736572
158.727264 385.730774
164.424240 382.112915
170.121201 378.288147
175.818176 374.661652
181.515152 371.638611
187.212112 366.806702
192.909088 362.747742
198.606049 359.744537
204.303024 357.617432
210.000000 357.000000
215.696960 357.371979
221.393936 363.313507
227.090897 369.377045
232.787872 377.470673
238.484848 386.389008
244.181808 394.926636
249.878784 401.878143
255.575745 407.394226
261.272705 412.102875
266.969696 415.975006
272.666656 418.985321
278.363617 421.205902
284.060608 423.741760
289.757568 422.605927
295.454529 417.929871
301.151520 414.767029
306.848480 410.813934
312.545441 406.266785
318.242401 401.321747
323.939392 396.174927
329.636353 391.022552
335.333313 386.060760
341.030304 381.485718
346.727264 377.493561
352.424225 373.335327
358.121216 367.958740
363.818176 364.127777
369.515137 361.167877
375.212097 358.404541
380.909088 354.725037
386.606049 351.657501
392.303009 349.468262
398.000000 348.726563
403.696960 348.343903
409.393921 347.986664
415.090881 347.674103
420.787872 347.425507
426.484833 347.260193
432.181793 347.197418
437.878784 347.256531
443.575745 347.456787
449.272705 347.817505
454.969696 348.357971
460.666656 349.126770
466.363617 350.746979
472.060577 353.133698
477.757568 356.011292
483.454529 359.104004
489.151489 362.136139
494.848480 364.831970
500.545441 366.915802
506.242401 368.111908
511.939392 368.144562
517.636353 366.580231
523.333313 363.627991
529.030273 359.533722
534.727234 354.499542
540.424255 348.727631
546.121216 342.420135
551.818176 335.779175
557.515137 326.468750
563.212097 312.174042
568.909058 296.343475
574.606018 280.100586
580.303040 250.518005
586.000000 172.000153
